[rumah-kota-malang.jpg]
filters=finetune2=1,0.000000,0.000000,0.401404,00000000,0.000000;dir_tint=1,0.504194,1.010730,0.000000,0.250000,ffb7b7b7,0;
moddate=719fd5521856d601
width=2045
height=887
textactive=0
